0.0024436,0.0090779,0.0063152,0.0022103,0.0076428,0.0084782,0.0084223,0.018948,0.013914,0.0084706,0.015662,0.0047603,0.014305,0.011937,0.011016,0.012025,0.014491,0.012891,0.0068531,0.01136,0.0063492,0.0052441,0.011107,0.0099554,0.012891,0.014703,0.0061698,0.005185,0.010454,0.011172,0.0084757,0.010258,0.0067581,0.0045551,0.0088798,0.01178,0.014276,0.011317,0.011652,0.012402,0.0068024,0.012528,0.015783,0.013527,0.01367,0.0092379,0.011627,0.014582,0.012879,0.0079794,0.016931,0.012261,0.01044,0.010875,0.015936,0.0094576,0.0087844,0.01519,0.016265,0.005763,0.0112,0.010214,0.0076507,0.010179,0.0077313,0.0057653,0.0075266,0.011882,0.0091284,0.011326,0.0061397,0.0067842,0.0029553,0.014095,0.0034675,0.011277,0.0019056,0.01757,0.0038359,0.0060945,0.0069205,0.0045173,0.0055895,0.0041896,0.0074114,0.011688,0.014839,0.011793,0.0073709,0.020697,0.017717,0.011024,0.0072778,0.010893,0.010857,0.012931,0.010583,0.0027481,0.0057516,0.013146
0.0090779,0.017995,0.0092845,0.0075933,0.01105,0.017113,0.0095086,0.0087537,0.00049683,0.0094805,0.0082625,0.011084,0.012926,0.014304,0.0036792,0.0093667,0.0086526,0.010803,0.0086123,0.010091,0.013879,0.0043463,0.016591,0.0063293,0.011187,0.013434,0.0093686,0.012098,0.0063948,0.002759,0.0072331,0.013033,0.0099793,0.010187,0.010507,0.020015,0.0025622,0.0025958,0.0085127,0.012498,0.005538,0.011213,0.010264,0.010238,0.010572,0.0063321,0.010952,0.010979,0.0058235,0.0086111,0.010175,0.018535,0.00749,0.009894,0.015911,0.0078264,0.019424,0.00038461,0.01342,0.013321,0.010829,0.015129,0.0077618,0.0063391,0.010495,0.013061,0.011043,0.0097419,0.011382,0.0077121,0.0037022,0.0064479,0.012964,0.0098263,0.0054455,0.016901,0.0051142,0.0091534,0.014202,0.011763,0.01692,0.0032898,0.012179,0.011373,0.0082106,0.0061949,0.0081103,0.018402,0.012049,0.007708,0.0075875,0.0086991,0.0090899,0.006562,0.0034621,0.01367,0.01345,0.0059797,0.018838,0.010662
0.0063152,0.0092845,0.014797,0.011508,0.0078008,0.0085921,0.01513,0.0076783,0.012533,0.011351,0.017325,0.01117,0.010864,0.011845,0.0062567,0.0099491,0.012501,0.013116,0.0090073,0.014554,0.011778,0.0078329,0.01394,0.0042886,0.017478,0.013111,0.006707,0.0076045,0.0028399,0.0068765,0.013821,0.0049156,0.017043,0.013747,0.013776,0.014568,0.008913,0.0071523,0.0076314,0.0031829,0.005327,0.0014753,0.010887,0.011718,0.010342,0.010354,0.0078604,0.013495,0.0054963,0.0088337,0.0094053,0.014093,0.011902,0.0050215,0.0054882,0.020002,0.0077661,0.0056112,0.010478,0.0072916,0.0067241,0.0011973,0.0081387,0.004112,0.016485,0.011956,0.011686,0.013597,0.013114,0.014767,0.0054546,0.0090766,0.013012,0.0076557,0.015836,0.0042433,0.0078654,0.0074094,0.009644,0.017427,0.0070514,0.012026,0.0070685,0.0070574,0.014099,0.0078762,0.00070606,0.015945,0.013205,0.01735,0.0098983,0.0084876,0.012671,0.014909,0.0082033,0.0039478,0.01396,0.0097837,0.006767,0.0079569
0.0022103,0.0075933,0.011508,0.017135,0.011925,0.0055165,0.0079928,0.0093201,0.0073379,0.016516,0.007767,0.015338,0.012332,0.0036334,0.016043,0.0071973,0.011739,0.014414,0.013864,0.010183,0.0089583,0.0064822,0.010815,0.0077701,0.014542,0.010733,0.017262,0.0083563,0.011117,0.014509,0.0034258,0.011534,0.01015,0.0043109,0.0073555,0.0108,0.015219,0.0049337,0.0076843,0.0042463,0.0072905,0.0085248,0.008441,0.0081044,0.0086255,0.0098727,0.010442,0.0093814,0.013246,0.0053449,0.015711,0.0075196,0.015248,0.018942,0.0055916,0.013477,0.016207,0.0067643,0.0098417,0.013141,0.014461,0.010149,0.0064246,0.0094058,0.0062858,0.0044873,0.0088406,0.0044786,0.010814,0.015013,0.010298,0.011129,0.010711,0.012154,0.011467,0.011086,0.0085677,0.0048203,0.010002,0.0050949,0.0079711,0.014418,0.0066112,0.0098222,0.0079833,0.010723,0.011719,0.014205,0.011516,0.010185,0.0075167,0.013446,0.014731,0.0070471,0.00525,0.0080121,0.013037,0.012849,0.0040981,0.011683
0.0076428,0.01105,0.0078008,0.011925,0.0075162,0.017205,0.016228,0.015865,0.0089002,0.0029782,0.01212,0.011808,0.010068,0.01054,0.0067787,0.00748,0.0056831,0.01392,0.016938,0.007336,0.013094,0.013333,0.00060641,0.0093264,0.0074875,0.010868,0.012881,0.0039398,0.012483,0.0040008,0.0066642,0.012385,0.005535,0.012215,0.010817,0.012048,0.017961,0.0072771,0.011243,0.00196,0.0061795,0.018867,0.0036321,0.012278,0.0091617,0.0092371,0.0061342,0.012323,0.004104,0.0094925,0.015153,0.012032,0.0071201,0.0060805,0.011083,0.016471,0.011026,0.01601,0.01133,0.01436,0.017089,0.0067051,0.012784,0.013275,0.0096878,0.012328,0.0095624,0.011005,0.01355,0.0097679,0.016662,0.014152,0.017009,0.0053902,0.016257,0.0085556,0.01301,0.016723,0.0076726,0.013499,0.0038979,0.0014095,0.0094029,0.0069704,0.011107,0.0089206,0.010404,0.0031313,0.0031976,0.01892,0.0055109,0.014529,0.009032,0.0078902,0.0052642,0.0059865,0.0058286,0.0073306,0.0027192,0.0058827
0.0084782,0.017113,0.0085921,0.0055165,0.017205,0.012226,0.0033364,0.012279,0.013639,0.016377,0.014334,0.0094013,0.011419,0.0017185,0.010358,0.010571,0.0028817,0.004395,0.010012,0.0072989,0.0059233,0.0094554,0.012432,0.0075577,0.010343,0.013241,0.006186,0.0048207,0.0084047,0.0053667,0.011914,0.0091682,0.0089936,0.002436,0.011754,0.0094907,0.0077283,0.0080424,0.012765,0.011323,0.010501,0.012382,0.012748,0.017565,0.010635,0.01752,0.0066891,0.0041765,0.0081871,0.0079099,0.0074034,0.01008,0.0056956,0.0038061,0.010322,0.0052183,0.0060775,0.015223,0.010923,0.00337,0.0072657,0.017382,0.013912,0.0083561,0.016166,0.012306,0.010477,0.0091698,0.0099947,0.0012842,0.0046838,0.0083856,0.01121,0.013456,0.011868,0.011179,0.015008,0.014797,0.0075275,0.0073977,0.01394,0.013099,0.017422,0.013459,0.014579,0.01224,0.010841,0.0090084,0.01234,0.012199,0.0085709,0.010156,0.0066139,0.0056032,0.011021,0.01591,0.013112,0.0043986,0.013502,0.00923
0.0084223,0.0095086,0.01513,0.0079928,0.016228,0.0033364,0.011426,0.00050544,0.010446,0.0034498,0.0093912,0.0060342,0.015834,0.010147,0.011009,0.010239,0.0095815,0.0063423,0.016833,0.013171,0.019332,0.012413,0.0073501,0.0075864,0.0078127,0.010728,0.013399,0.011933,0.012558,0.01244,0.011875,0.0091301,0.01358,0.0086805,0.017849,0.0094247,0.008179,0.0057926,0.01087,0.0067812,0.0061465,0.0080146,0.010924,0.004052,0.014999,0.0088389,0.014941,0.012757,0.016887,0.0070509,0.0097709,0.012722,0.0094073,0.012545,0.0082984,0.0046254,0.0028595,0.007382,0.0045883,0.012983,0.015601,0.0071341,0.0030767,0.0059194,0.0050569,0.0091288,0.011319,0.011019,0.0075433,0.0091451,0.011764,0.018073,0.012568,0.012392,0.0098311,0.0029237,0.0048132,0.010517,0.0071621,0.01584,0.0083084,0.014747,0.0026536,0.011691,0.0099963,0.014764,0.0171,0.0089289,0.010712,0.0077082,0.0083938,0.0042274,0.017411,0.0079145,0.011359,0.015082,0.0028821,0.0069006,0.014177,0.01168
0.018948,0.0087537,0.0076783,0.0093201,0.015865,0.012279,0.00050544,0.00021159,0.013251,0.011146,0.020323,0.014685,0.0083734,0.0050042,0.011592,0.003476,0.0001282,0.012588,0.010931,0.010546,0.017023,0.0063788,0.016802,0.018945,0.016738,0.015821,0.015545,0.0024707,0.01327,0.012611,0.010636,0.013712,0.0054864,0.01135,0.010412,0.014742,0.011503,0.013791,0.0056072,0.0058728,0.0092875,0.017623,0.0074793,0.0044382,0.0090599,0.012599,0.00517,0.0097817,0.017324,0.0016691,0.0070719,0.012312,0.019301,0.019822,0.012069,0.014667,0.0018732,0.014266,0.014559,0.0096949,0.011731,0.018708,0.007913,0.0041571,0.021034,0.008051,0.0015643,0.0089829,0.007791,0.0045539,0.017236,0.0022925,0.011376,0.0060019,0.011905,0.011717,0.012716,0.010791,0.0065977,0.016132,0.0049462,0.0072125,0.0067343,0.009658,0.0048408,0.0031816,0.0082544,0.0060914,0.0076541,0.0048563,0.019035,0.0036629,0.0068702,0.0097005,0.0054466,0.012576,0.0079693,0.0095567,0.0032063,0.0029091
0.013914,0.00049683,0.012533,0.0073379,0.0089002,0.013639,0.010446,0.013251,0.016941,0.015525,0.011156,0.014593,0.012117,0.007263,0.012836,0.0096365,0.0019168,0.0095731,0.006589,0.0073362,0.0085952,0.014601,0.012862,0.0020943,0.013754,0.013519,0.0067346,0.008744,0.0056118,0.0135,0.0091968,0.008175,0.010293,0.010005,0.016861,0.0079308,0.01243,0.013051,0.01058,0.015314,0.004139,0.0065063,0.0046035,0.013298,0.012773,0.010882,0.0084723,0.010781,0.0071284,0.013233,0.016383,0.0082428,0.0049766,0.008439,0.0068531,0.0040968,0.0039247,0.0086412,0.0093204,0.0094673,0.019105,0.0071905,0.013202,0.017375,0.0042824,0.0092713,0.0093435,0.0073951,0.0061409,0.0060768,0.0084439,0.0029228,0.016474,0.013572,0.0076851,0.0016189,0.011255,0.01771,0.0072491,0.013725,0.013692,0.0037814,0.0073393,0.015514,0.01098,0.015909,0.0038246,0.011538,0.011933,0.010226,0.0070521,0.014457,0.016199,0.0068864,0.010181,0.0099475,0.0089792,0.0065656,0.0085812,0.014358
0.0084706,0.0094805,0.011351,0.016516,0.0029782,0.016377,0.0034498,0.011146,0.015525,7.0317e-05,0.007087,0.014105,0.0062824,0.011415,0.0069645,0.0038263,0.017066,0.014752,0.013222,0.0080869,0.015007,0.0051675,0.0060251,0.010101,0.017103,0.011463,0.0071179,0.0083704,0.0028886,0.010591,0.012457,0.0099206,0.013287,0.011503,0.0050542,0.011058,0.012576,0.0032723,0.0092673,0.011106,0.0064014,0.004137,0.010782,0.009253,0.0076982,0.0061642,0.0139,0.01052,0.0088058,0.0077791,0.0095988,0.012377,0.018539,0.013924,0.0057742,0.010233,0.0051182,0.0080329,0.011936,0.017321,0.0086767,0.014229,0.012415,0.011817,0.011734,0.012393,0.0097595,0.010548,0.0072343,0.0049368,0.005184,0.011692,0.014122,0.0092936,0.0073024,0.0040388,0.016292,0.0072436,0.0062337,0.013527,0.01785,0.004007,0.012134,0.013192,0.018565,0.0055149,0.0057849,0.012796,0.016315,0.010491,0.011696,0.0044361,0.0084701,0.013918,0.011038,0.0021014,0.018423,0.0077408,0.0046522,0.012399
0.015662,0.0082625,0.017325,0.007767,0.01212,0.014334,0.0093912,0.020323,0.011156,0.007087,0.0075407,0.011756,0.013875,0.011883,0.0086728,0.012621,0.0096087,0.010536,0.0040933,0.012825,0.013896,0.0078453,0.0078887,0.0079729,0.01365,0.010158,0.0045595,0.0097736,0.0028989,0.00297,0.0069311,0.0041635,0.002815,0.012811,0.0095905,0.011918,0.0072727,0.0076336,0.0063958,0.0093881,0.017199,0.012867,0.0053533,0.0096285,0.0067916,0.0087142,0.0079043,0.0084251,0.0085584,0.0099019,0.016577,0.0046363,0.011278,0.013608,0.012306,0.016544,0.0054254,0.0102,0.010235,0.015293,0.016762,0.0040037,0.0036798,0.0062379,0.018414,0.0023561,0.017047,0.014689,0.014492,0.01679,0.00713,0.0060372,0.0069946,0.014597,0.011959,0.010331,0.0080768,0.0034769,0.0054804,0.0096635,0.01688,0.0081348,0.01152,0.0062123,0.0068697,0.010279,0.012649,0.0082568,0.013187,0.0080272,0.017068,0.0077097,0.016408,0.011968,0.0046425,0.0066399,0.0096514,0.011362,0.0080793,0.0074197
0.0047603,0.011084,0.01117,0.015338,0.011808,0.0094013,0.0060342,0.014685,0.014593,0.014105,0.011756,0.017287,0.0037893,0.0098868,0.015389,0.010789,0.012657,0.018017,0.012734,0.0083732,0.011093,0.0093705,0.0085398,0.0070314,0.013697,0.010376,0.011985,0.010132,0.0072527,0.011627,0.01723,0.0076813,0.00475,0.0061562,0.0093303,0.012313,0.012645,0.014995,0.010991,0.0060222,0.014976,0.0045494,0.01143,0.012886,0.0055583,0.0068417,0.016478,0.0059844,0.010329,0.013582,0.010402,0.006111,0.0046428,0.016494,0.0065864,0.0066812,0.0051594,0.0096336,0.017427,0.0066168,0.010961,0.0040035,0.0075224,0.0076789,0.0071092,0.015059,0.01092,0.0088266,0.012723,0.017417,0.010209,0.0049247,0.0053112,0.0047679,0.0036278,0.01062,0.013801,0.0098394,0.0096667,0.0057875,0.0093279,0.012609,0.0079431,0.0033534,0.012512,0.013147,0.0050747,0.0062798,0.013809,0.0065943,0.012646,0.014546,0.0059303,0.0075056,0.010743,0.0051345,0.013131,0.009119,0.007359,0.013217
0.014305,0.012926,0.010864,0.012332,0.010068,0.011419,0.015834,0.0083734,0.012117,0.0062824,0.013875,0.0037893,0.013421,0.014932,0.0067078,0.014222,0.0036874,0.0083051,0.0056847,0.011702,0.0081045,0.0063222,0.0096779,0.0090343,0.0098107,0.0085902,0.0095868,0.017372,0.01393,0.0095781,0.0097668,0.011957,0.0046202,0.011882,0.00063813,0.0097422,0.0041179,0.011272,0.010688,0.012343,0.011768,0.009489,0.016126,0.0078961,0.0068544,0.015114,0.012896,0.0049924,0.0085274,0.01281,0.0098915,0.0054145,0.010257,0.012008,0.013211,0.0053142,0.016926,0.0040438,0.0099141,0.0083322,0.0051585,0.013775,0.0068041,0.012925,0.011977,0.014417,0.016778,0.01332,0.0040961,0.010533,0.01279,0.012317,0.0048156,0.0048939,0.013288,0.0088408,0.0072708,0.0090257,0.010467,0.0098662,0.013208,0.008211,0.0082304,0.011329,0.011553,0.0056842,0.01455,0.00734,0.0088323,0.0090599,0.011215,0.010317,0.0073226,0.0068821,0.0078042,0.0081665,0.01338,0.0076184,0.0086992,0.015571
0.011937,0.014304,0.011845,0.0036334,0.01054,0.0017185,0.010147,0.0050042,0.007263,0.011415,0.011883,0.0098868,0.014932,0.020732,0.017366,0.01159,0.0051446,0.0080191,0.015081,0.006954,0.013068,0.012762,0.011615,0.012791,0.0048864,0.012105,0.0076361,0.011607,0.018819,0.010847,0.014054,0.013864,0.0092939,0.014101,0.0035073,0.0089997,0.013197,0.01447,0.0012156,0.006309,0.01263,0.0076953,0.011286,0.0078447,0.011437,0.0046689,0.014056,0.0062301,0.0079573,0.00486,0.014595,0.016782,0.0040565,0.0094041,0.011285,0.011933,0.010126,0.0090703,0.0029075,0.0058577,0.0043182,0.0091259,0.012883,0.014322,0.012299,0.012747,0.002395,0.011154,0.0095072,0.010129,0.017364,0.0026943,0.0055093,0.0077766,0.0074988,0.015195,0.012501,0.0065559,0.014348,0.012014,0.014282,0.0055208,0.013561,0.009611,0.012202,0.0036136,0.010299,0.0095552,0.010456,0.012028,0.0075166,0.0059064,0.017126,0.0070122,0.0058043,0.0077738,0.010045,0.017598,0.0033186,0.0072054
0.011016,0.0036792,0.0062567,0.016043,0.0067787,0.010358,0.011009,0.011592,0.012836,0.0069645,0.0086728,0.015389,0.0067078,0.017366,0.0028676,0.013863,0.0037041,0.013327,0.0071307,0.010286,0.0067472,0.013531,0.01093,0.011344,0.016226,0.014509,0.011283,0.0092858,0.0037891,0.016254,0.0045636,0.01368,0.00392,0.016252,0.007067,0.015172,0.0073563,0.010917,0.015106,0.0028517,0.0099546,0.0076448,0.0066909,0.0055114,0.0033844,0.017253,0.010838,0.0074029,0.010623,0.010269,0.014147,0.0086765,0.010724,0.017819,0.0096519,0.0049938,0.0092454,0.010921,0.013223,0.00665,0.014384,0.009564,0.012974,0.0059718,0.0016661,0.0039466,0.01317,0.0063163,0.012123,0.0079456,0.01007,0.013522,0.011796,0.0074851,0.0034941,0.0089044,0.0049362,0.0080897,0.01106,0.0085912,0.016331,0.011249,0.0070797,0.012489,0.010959,0.0043836,0.01685,0.014311,0.0076107,0.0078712,0.0037274,0.010198,0.003437,0.015348,0.011264,0.014353,0.010931,0.01748,0.011327,0.014538
0.012025,0.0093667,0.0099491,0.0071973,0.00748,0.010571,0.010239,0.003476,0.0096365,0.0038263,0.012621,0.010789,0.014222,0.01159,0.013863,0.0062995,0.014759,0.003934,0.0095849,0.0079475,0.017325,0.015102,0.012788,0.016224,0.015802,0.014006,0.008713,0.0029329,0.0074102,0.012137,0.016332,0.013392,0.0064402,0.0094903,0.012315,0.014341,0.010107,0.0095629,0.014981,0.010763,0.013874,0.011627,0.013813,0.0050568,0.0042038,0.0093551,0.012738,0.0068548,0.015123,0.001406,0.0090519,0.0046628,0.010766,0.008716,0.0062354,0.018431,0.008753,0.0084444,0.0057277,0.0060045,0.0032744,0.014501,0.010335,0.0086473,0.0037339,0.01044,0.0091852,0.0044475,0.0061919,0.0092567,0.0052183,0.007933,0.017344,0.010841,0.0073215,0.010234,0.0086805,0.011849,0.0099009,0.012133,0.008112,0.0054709,0.010648,0.013444,0.010666,0.010027,0.011381,0.006314,0.0096517,0.012328,0.0075035,0.013558,0.014503,0.013315,0.01324,0.006672,0.0071177,0.0090744,0.010211,0.014914
0.014491,0.0086526,0.012501,0.011739,0.0056831,0.0028817,0.0095815,0.0001282,0.0019168,0.017066,0.0096087,0.012657,0.0036874,0.0051446,0.0037041,0.014759,0.013337,0.0017858,0.0086315,0.012363,0.0054513,0.015431,0.014496,0.0081744,0.017622,0.010057,0.008473,0.0084573,0.013319,0.01347,0.0043769,0.011719,0.0097565,0.015368,0.012706,0.0084774,0.013923,0.0089554,0.0071772,0.014572,0.014284,0.016602,0.012134,0.0097847,0.010368,0.0038826,0.012178,0.0089329,0.008954,0.012313,0.011394,0.0030675,0.0075571,0.0080099,0.0053925,0.012552,0.0032021,0.0098024,0.013794,0.013464,0.0092544,0.012847,0.00090422,0.010004,0.011987,0.013878,0.0077682,0.017597,0.0051603,0.011719,0.017506,0.0090791,0.0030902,0.0106,0.009162,0.011633,0.0086528,0.0036847,0.012779,0.01145,0.010838,0.010179,0.013546,0.014551,0.0022746,0.0044681,0.0079553,0.0019147,0.015616,0.015498,0.012219,0.010813,0.0066553,0.0084394,0.0093127,0.018281,0.0083909,0.014901,0.014036,0.011384
0.012891,0.010803,0.013116,0.014414,0.01392,0.004395,0.0063423,0.012588,0.0095731,0.014752,0.010536,0.018017,0.0083051,0.0080191,0.013327,0.003934,0.0017858,0.016419,0.0083916,0.01639,0.013664,0.008456,0.0085055,0.0082061,0.0026465,0.0050874,0.0094172,0.011312,0.0084728,0.012262,0.012605,0.00064278,0.0047271,0.0093807,0.014739,0.0083781,0.014953,0.013817,0.00857,0.008412,0.0087335,0.010922,0.0093951,0.0029016,0.0085134,0.010653,0.012857,0.0078321,0.0084393,0.0033821,0.008992,0.014047,0.012648,0.0097773,0.013598,0.0062691,0.010457,0.017408,0.0092728,0.0086359,0.016054,0.01363,0.0036107,0.0051392,0.0067235,0.010756,0.01387,0.008285,0.011992,0.015686,0.0036263,0.010604,0.007369,0.0078485,0.0055782,0.011334,0.014105,0.011137,0.011829,0.012669,0.010634,0.0095957,0.011909,0.0098874,0.008166,0.013561,0.012556,0.0081774,0.0047473,0.016268,0.012415,0.0064874,0.013334,0.0057825,0.0085573,0.012586,0.0086275,0.012351,0.008282,0.0073219
0.0068531,0.0086123,0.0090073,0.013864,0.016938,0.010012,0.016833,0.010931,0.006589,0.013222,0.0040933,0.012734,0.0056847,0.015081,0.0071307,0.0095849,0.0086315,0.0083916,0.0051368,0.010809,0.0061298,0.015317,0.013799,0.0065424,0.0095455,0.0070399,0.010794,0.0011281,0.0025994,0.010041,0.018633,0.011763,0.0089112,0.01238,0.0094424,0.013485,0.013481,0.012991,0.0097559,0.014356,0.016561,0.0043504,0.0096815,0.015893,0.0098125,0.015741,0.014501,0.0096912,0.011331,0.013597,0.011401,0.0109,0.0078858,0.0094156,0.0080776,0.0075405,0.0094803,0.007487,0.0062812,0.009777,0.016149,0.0068109,0.002765,0.0080011,0.012928,0.0050754,0.011869,0.0056009,0.0090496,0.0065868,0.0084652,0.0067429,0.0095775,0.014,0.012423,0.0053398,0.0091157,0.0028494,0.015189,0.015488,0.010838,0.013695,0.012587,0.012841,0.016543,0.006773,0.0027994,0.01362,0.0062923,0.014962,0.011284,0.017098,0.010355,0.0051115,0.011244,0.0034657,0.0050382,0.010285,0.0032548,0.010207
0.01136,0.010091,0.014554,0.010183,0.007336,0.0072989,0.013171,0.010546,0.0073362,0.0080869,0.012825,0.0083732,0.011702,0.006954,0.010286,0.0079475,0.012363,0.01639,0.010809,0.016928,0.010297,0.0072625,0.016313,0.0040853,0.0021906,0.011354,0.014632,0.010238,0.014403,0.0064337,0.0077712,0.010284,0.0058633,0.0048449,0.0057376,0.009013,0.005845,0.0098641,0.0092174,0.0084697,0.016751,0.0088354,0.014016,0.0038496,0.019666,0.011425,0.0062583,0.0089554,0.015718,0.009497,0.0063541,0.0067414,0.011953,0.017119,0.014863,0.0069289,0.010138,0.010965,0.0044761,0.012218,0.0062026,0.0088421,0.010614,0.0079696,0.0071713,0.015736,0.013664,0.016804,0.007219,0.010081,0.01978,0.0040677,0.010978,0.0037461,0.0069829,0.0034297,0.012276,0.0032786,0.013885,0.015296,0.0068005,0.0093057,0.013559,0.0036825,0.014244,0.0098739,0.015335,0.0082572,0.011854,0.011202,0.008832,0.003717,0.0094009,0.014391,0.0080328,0.013963,0.0073826,0.010062,0.0084357,0.0082592
0.0063492,0.013879,0.011778,0.0089583,0.013094,0.0059233,0.019332,0.017023,0.0085952,0.015007,0.013896,0.011093,0.0081045,0.013068,0.0067472,0.017325,0.0054513,0.013664,0.0061298,0.010297,0.016101,0.010569,0.0076786,0.011759,0.0098496,0.0041118,0.010783,0.0044821,0.017755,0.0089873,0.011181,0.0037546,0.0087497,0.006842,0.0064886,0.013164,0.0086901,0.0036796,0.0031783,0.015762,0.0088316,0.010666,0.016119,0.015982,0.0077696,0.0094901,0.0027385,0.0081363,0.017129,0.018484,0.012091,0.011764,0.0098924,0.0042227,0.016338,0.010154,0.018429,0.0098961,0.0037049,0.010415,0.012037,0.012831,0.0044263,0.0089691,0.017942,0.0086533,0.0087777,0.016552,0.0020698,0.0095643,0.0063971,0.014489,0.0095739,0.010476,0.0099161,0.00048228,0.0094669,0.010179,0.013958,0.0040302,0.013484,0.0091442,0.0041693,0.0090362,0.0099508,0.0056532,0.00876,0.0061566,0.0078185,0.007576,0.0064853,0.015124,0.0097493,0.0083402,0.005796,0.0089177,0.010392,0.013069,0.0087435,0.0093079
0.0052441,0.0043463,0.0078329,0.0064822,0.013333,0.0094554,0.012413,0.0063788,0.014601,0.0051675,0.0078453,0.0093705,0.0063222,0.012762,0.013531,0.015102,0.015431,0.008456,0.015317,0.0072625,0.010569,0.0058385,0.012041,0.0088401,0.0058388,0.0058252,0.0061934,0.010261,0.0072891,0.01209,0.014394,0.012616,0.01273,0.012813,0.010741,0.0072689,0.0079558,0.01582,0.0067838,0.012592,0.016469,0.012623,0.013437,0.0077884,0.018262,0.0056737,0.015478,0.0062621,0.015259,0.0092999,0.0033156,0.0053019,0.017261,0.018279,0.011538,0.016336,0.011244,0.0067628,0.0042691,0.012241,0.00099291,0.0098719,0.009004,0.0054195,0.003541,0.010341,0.011403,0.011175,0.010843,0.013419,0.0074355,0.0099241,0.0082049,0.0059225,0.0079872,0.017136,0.0054051,0.0090501,0.011716,0.0093104,0.0141,0.0034794,0.010652,0.013561,0.010554,0.0087341,0.0096118,0.0093614,0.0085276,0.0039636,0.0047296,0.0042528,0.0092603,0.0083411,0.012162,0.013321,0.013708,0.01566,0.01365,0.012012
0.011107,0.016591,0.01394,0.010815,0.00060641,0.012432,0.0073501,0.016802,0.012862,0.0060251,0.0078887,0.0085398,0.0096779,0.011615,0.01093,0.012788,0.014496,0.0085055,0.013799,0.016313,0.0076786,0.012041,0.0094376,0.015727,0.014034,0.0067828,0.0090848,0.0079631,0.007305,0.0065056,0.0078912,0.014705,0.011625,0.014924,0.011551,0.014458,0.011223,0.0069134,0.0072876,0.0068544,0.011864,0.0088658,0.0065475,0.014995,0.0065949,0.0076253,0.0064602,0.014567,0.010265,0.0033987,0.00095612,0.010261,0.0076399,0.0070446,0.011,0.013471,0.012006,0.0095535,0.014729,0.015603,0.0047686,0.0092443,0.019229,0.014527,0.011097,0.0070025,0.010667,0.0077209,0.0012965,0.012131,0.010827,0.0079495,0.0092908,0.002439,0.002666,0.0061816,0.0175,0.016268,0.0037106,0.012308,0.0099211,0.011184,0.0090676,0.0071066,0.0098242,0.011021,0.014506,0.010915,0.0076861,0.010127,0.013906,0.011853,0.0099184,0.015821,0.013523,0.0057329,0.013817,0.0039195,0.0025091,0.00029447
0.0099554,0.0063293,0.0042886,0.0077701,0.0093264,0.0075577,0.0075864,0.018945,0.0020943,0.010101,0.0079729,0.0070314,0.0090343,0.012791,0.011344,0.016224,0.0081744,0.0082061,0.0065424,0.0040853,0.011759,0.0088401,0.015727,0.015216,0.012137,0.0074892,0.012244,0.014131,0.0098302,0.013387,0.0088138,0.0076686,0.010219,0.004739,0.012104,0.0065851,0.01234,0.0074518,0.011511,0.0099464,0.012626,0.016709,0.01539,0.017384,0.010615,0.014512,0.0084756,0.0081492,0.005841,0.0094162,0.0016208,0.0062206,0.0053201,0.005174,0.013779,0.012537,0.0094882,0.013512,0.015037,0.0032416,0.013935,0.0037511,0.0012879,0.011558,0.012243,0.0072525,0.0045817,0.0064205,0.0057663,0.019104,0.013351,0.011785,0.011096,0.010762,0.01171,0.012041,0.00998,0.014841,0.010214,0.0086076,0.0082721,0.010948,0.010804,0.0090903,0.014931,0.0082134,0.0090146,0.013397,0.014687,0.014511,0.0090471,0.0022244,0.0083465,0.0090991,0.012704,0.010161,0.0066761,0.010168,0.014185,0.010686
0.012891,0.011187,0.017478,0.014542,0.0074875,0.010343,0.0078127,0.016738,0.013754,0.017103,0.01365,0.013697,0.0098107,0.0048864,0.016226,0.015802,0.017622,0.0026465,0.0095455,0.0021906,0.0098496,0.0058388,0.014034,0.012137,0.0061695,0.010818,0.012319,0.010789,0.011262,0.017337,0.010663,0.013236,0.010264,0.015991,0.0034597,0.0088725,0.0095749,0.0033153,0.0098616,0.007522,0.017534,0.017014,0.0053217,0.0095901,0.0054355,0.016966,0.010079,0.0085562,0.014663,0.0094338,0.0081191,0.011177,0.0099462,0.0083396,0.0063904,0.0094906,0.0074453,0.0055783,0.0024344,0.0096276,0.0093873,0.0015183,0.013297,0.010996,0.01194,0.010956,0.014982,0.015443,0.013423,0.0086086,0.010731,0.010578,0.0081541,0.0095263,0.011927,0.011876,0.0092515,0.0020715,0.0025846,0.0093302,0.015365,0.011996,0.0035791,0.010587,0.010307,0.0063084,0.0047905,0.0030657,0.011856,0.010612,0.014158,0.0072022,0.013128,0.0023084,0.0085422,0.0089735,0.0058161,0.006363,0.010966,0.0056297
0.014703,0.013434,0.013111,0.010733,0.010868,0.013241,0.010728,0.015821,0.013519,0.011463,0.010158,0.010376,0.0085902,0.012105,0.014509,0.014006,0.010057,0.0050874,0.0070399,0.011354,0.0041118,0.0058252,0.0067828,0.0074892,0.010818,0.0011896,0.0059792,0.0092736,0.0068849,0.011631,0.0077058,0.0047092,0.0068663,0.010689,0.014994,0.016096,0.0093168,0.0075681,0.009799,0.014261,0.017097,0.0083053,0.014853,0.011001,0.0059287,0.014523,0.0071739,0.01355,0.0030657,0.010141,0.019589,0.01229,0.0013299,0.010279,0.0074678,0.0084435,0.016479,0.0076407,0.013352,0.015272,0.0073517,0.0098736,0.012404,0.0098202,0.01411,0.010341,0.012761,0.0089708,0.01236,0.009695,0.0028805,0.013991,0.003869,0.0057905,0.011867,0.01196,0.0034959,0.005845,0.0090378,0.012837,0.0081783,0.0081822,0.0024703,0.0085169,0.014189,0.011186,0.012136,0.0038247,0.017637,0.011037,0.0080181,0.014081,0.0071748,0.015796,0.009135,0.011628,0.010263,0.008895,0.0042524,0.0034635
0.0061698,0.0093686,0.006707,0.017262,0.012881,0.006186,0.013399,0.015545,0.0067346,0.0071179,0.0045595,0.011985,0.0095868,0.0076361,0.011283,0.008713,0.008473,0.0094172,0.010794,0.014632,0.010783,0.0061934,0.0090848,0.012244,0.012319,0.0059792,0.012431,0.0096686,0.008741,0.014165,0.0073619,0.011699,0.0081563,0.013053,0.0051431,0.018695,0.010679,0.014023,0.011938,0.010178,0.011633,0.00026144,0.010562,0.01962,0.0085196,0.0080791,0.010155,0.011226,0.0086203,0.0081314,0.010009,0.010313,0.01235,0.017112,0.009933,0.01672,0.010579,0.0064715,0.014398,0.0028083,0.0055384,0.011168,0.0063647,0.0031064,0.018303,0.014953,0.018003,0.009323,0.011044,0.014624,0.0069357,0.016183,0.014074,0.01044,0.0042502,0.0081219,0.0033732,0.0042295,0.002699,0.013359,0.012281,0.012668,0.014261,0.0042967,0.0095595,0.010886,0.0092723,0.012261,0.0063452,0.0084538,0.0016654,0.0044495,0.0095843,0.0068524,0.0069447,0.0094079,0.0097183,0.0059817,0.019526,0.011003
0.005185,0.012098,0.0076045,0.0083563,0.0039398,0.0048207,0.011933,0.0024707,0.008744,0.0083704,0.0097736,0.010132,0.017372,0.011607,0.0092858,0.0029329,0.0084573,0.011312,0.0011281,0.010238,0.0044821,0.010261,0.0079631,0.014131,0.010789,0.0092736,0.0096686,0.017638,0.010373,0.0077847,0.0059033,0.009428,0.0046304,0.0069687,0.009648,0.009507,0.0070996,0.010483,0.0063188,0.012779,0.0040318,0.010719,0.0052117,0.0080461,0.016806,0.0077332,0.01281,0.012267,0.0072376,0.015004,0.0088496,0.0065837,0.014671,0.0064928,0.011803,0.0158,0.012466,0.0092918,0.01181,0.010435,0.014732,0.0096754,0.017106,0.0017969,0.0062185,0.0033342,0.015949,0.011721,0.0099212,0.0059851,0.012678,0.0091538,0.014123,0.0055044,0.01072,0.014197,0.0096683,0.011378,0.015928,0.0087113,0.015748,0.0069421,0.0075827,0.012759,0.011058,0.007878,0.0094246,0.0097428,0.014635,0.0079683,0.014778,0.015192,0.013977,0.014393,0.013463,0.0084372,0.013002,0.010264,0.015987,0.0093048
0.010454,0.0063948,0.0028399,0.011117,0.012483,0.0084047,0.012558,0.01327,0.0056118,0.0028886,0.0028989,0.0072527,0.01393,0.018819,0.0037891,0.0074102,0.013319,0.0084728,0.0025994,0.014403,0.017755,0.0072891,0.007305,0.0098302,0.011262,0.0068849,0.008741,0.010373,0.0015579,0.0060827,0.0050467,0.0078367,0.014732,0.0058467,0.0095529,0.0063414,0.0098474,0.016516,0.0096357,0.0089944,0.013375,0.0085917,0.0050701,0.013179,0.010289,0.0029928,0.011315,0.0042643,0.0073501,0.018185,0.0097947,0.011906,0.0091087,0.011713,0.0097042,0.011355,0.0046355,0.015435,0.010582,0.010166,0.0093403,0.010002,0.013899,0.0076078,0.017316,0.0089984,0.013232,0.012679,0.012885,0.0041036,0.006587,0.013681,0.01147,0.011355,0.010706,0.010097,0.012905,0.017966,0.015367,0.013365,0.0064494,0.008507,0.017005,0.0070537,0.014753,0.014907,0.011751,0.010983,0.0041792,0.0092095,0.013453,0.01539,0.0031896,0.0061729,0.015023,0.013426,0.009817,0.0056331,0.0051771,0.015
0.011172,0.002759,0.0068765,0.014509,0.0040008,0.0053667,0.01244,0.012611,0.0135,0.010591,0.00297,0.011627,0.0095781,0.010847,0.016254,0.012137,0.01347,0.012262,0.010041,0.0064337,0.0089873,0.01209,0.0065056,0.013387,0.017337,0.011631,0.014165,0.0077847,0.0060827,0.013487,0.0191,0.0098328,0.013749,0.011285,0.0085909,0.0064143,0.0015975,0.0071432,0.0015723,0.013773,0.012725,0.012201,0.012547,0.0016034,0.008392,0.010334,0.01471,0.01134,0.012768,0.0091765,0.011294,0.015789,0.0030788,0.0099771,0.014595,0.013242,0.0021233,0.0025349,0.0086102,0.011578,0.0097836,0.014317,0.0085556,0.012612,0.00803,0.015419,0.0052025,0.002026,0.012646,0.010396,0.0075312,0.011635,0.012282,0.0060425,0.013595,0.0068204,0.012557,0.0084868,0.0086148,0.0031017,0.005429,0.013142,0.0063465,0.0054252,0.010407,0.0090819,0.017915,0.0051064,0.0068761,0.0086235,0.0061753,0.013146,0.0058613,0.013451,0.014554,0.013146,0.0069481,0.016602,0.016955,0.012574
0.0084757,0.0072331,0.013821,0.0034258,0.0066642,0.011914,0.011875,0.010636,0.0091968,0.012457,0.0069311,0.01723,0.0097668,0.014054,0.0045636,0.016332,0.0043769,0.012605,0.018633,0.0077712,0.011181,0.014394,0.0078912,0.0088138,0.010663,0.0077058,0.0073619,0.0059033,0.0050467,0.0191,0.01424,0.0069408,0.016089,0.011895,0.013989,0.0056182,0.015984,0.010223,0.0098365,0.0054986,0.0093977,0.011168,0.010321,0.014437,0.010648,0.0051905,0.010236,0.0079748,0.009547,0.016138,0.0086546,0.0030253,0.014384,0.012726,0.0046809,0.0050227,0.013886,0.0087625,0.013133,0.010574,0.012242,0.01291,0.012281,0.0010007,0.0084477,0.010074,0.012374,0.014752,0.016667,0.0067991,0.012136,0.0092658,0.012535,0.010555,0.0050051,0.012379,0.012147,0.0039234,0.011433,0.0064086,0.008828,0.0092678,0.0096423,0.0040798,0.0055354,0.0081679,0.0047287,0.011338,0.019198,0.010889,0.0022579,0.011728,0.0098575,0.016049,0.0045168,0.0085121,0.015051,0.004888,0.01039,0.005495
0.010258,0.013033,0.0049156,0.011534,0.012385,0.0091682,0.0091301,0.013712,0.008175,0.0099206,0.0041635,0.0076813,0.011957,0.013864,0.01368,0.013392,0.011719,0.00064278,0.011763,0.010284,0.0037546,0.012616,0.014705,0.0076686,0.013236,0.0047092,0.011699,0.009428,0.0078367,0.0098328,0.0069408,0.015139,0.012418,0.0026843,0.010396,0.012224,0.010825,0.011587,0.014162,0.015174,0.0053322,0.014142,0.016221,0.014259,0.013542,0.016694,0.015234,0.0083479,0.015524,0.0041272,0.012859,0.014049,0.015453,0.0072885,0.013207,0.0049386,0.0055694,0.013669,0.011805,0.015728,0.0095361,0.011259,0.011282,0.0051909,0.0072713,0.0044785,0.0047088,0.0076672,0.0093023,0.0044576,0.011253,0.0080267,0.0056234,0.0043929,0.019,0.012627,0.010748,0.010967,0.0078966,0.0058215,0.010296,0.011203,0.0068335,0.0063433,0.0055797,0.0080196,0.0033152,0.0076517,0.010405,0.011855,0.013486,0.0013333,0.011755,0.0061335,0.0085425,0.012482,0.008711,0.010222,0.011675,0.016246
0.0067581,0.0099793,0.017043,0.01015,0.005535,0.0089936,0.01358,0.0054864,0.010293,0.013287,0.002815,0.00475,0.0046202,0.0092939,0.00392,0.0064402,0.0097565,0.0047271,0.0089112,0.0058633,0.0087497,0.01273,0.011625,0.010219,0.010264,0.0068663,0.0081563,0.0046304,0.014732,0.013749,0.016089,0.012418,0.011482,0.0081219,0.01079,0.0090817,0.010037,0.010291,0.0056783,0.011178,0.0063252,0.008638,0.015372,0.011975,0.0097498,0.0047524,0.010418,0.014238,0.010548,0.013949,0.0082727,0.014541,0.0075381,0.0060598,0.0097521,0.015757,0.011956,0.0094927,0.0035989,0.0091053,0.018479,0.011906,0.019428,0.010947,0.0048867,0.018063,0.013756,0.014044,0.011787,0.0056721,0.008779,0.014044,0.0052337,0.010852,0.0083006,0.011472,0.010136,0.0084315,0.0042744,0.01102,0.0020889,0.01611,0.012236,0.012911,0.0076722,0.010756,0.014867,0.0072126,0.0079927,0.012324,0.0091625,0.0035169,0.0071131,0.01333,0.012231,0.015106,0.010855,0.014369,0.0091774,0.0083251
0.0045551,0.010187,0.013747,0.0043109,0.012215,0.002436,0.0086805,0.01135,0.010005,0.011503,0.012811,0.0061562,0.011882,0.014101,0.016252,0.0094903,0.015368,0.0093807,0.01238,0.0048449,0.006842,0.012813,0.014924,0.004739,0.015991,0.010689,0.013053,0.0069687,0.0058467,0.011285,0.011895,0.0026843,0.0081219,0.0086021,0.0076047,0.01162,0.011271,0.0073322,0.017973,0.0051297,0.012355,0.01614,0.015931,0.015943,0.011924,0.0051368,0.0074705,0.011808,0.011768,0.0090549,0.0074549,0.010863,0.0088022,0.0078919,0.010464,0.0049017,0.0038491,0.0057653,0.012112,0.0097523,0.017448,0.0079797,0.015716,0.0099036,0.014154,0.01157,0.0083473,0.015712,0.01233,0.00477,0.0058666,0.0016037,0.010944,0.012649,0.012477,0.0088349,0.014111,0.0046801,0.003787,0.0083592,0.0030624,0.013049,0.011038,0.012939,0.0043242,0.0090544,0.0042554,0.0085595,0.0048877,0.011876,0.012003,0.0093348,0.017671,0.0087612,0.011951,0.016457,0.010826,0.0088548,0.0085432,0.014883
0.0088798,0.010507,0.013776,0.0073555,0.010817,0.011754,0.017849,0.010412,0.016861,0.0050542,0.0095905,0.0093303,0.00063813,0.0035073,0.007067,0.012315,0.012706,0.014739,0.0094424,0.0057376,0.0064886,0.010741,0.011551,0.012104,0.0034597,0.014994,0.0051431,0.009648,0.0095529,0.0085909,0.013989,0.010396,0.01079,0.0076047,0.010217,0.0094725,0.0019528,0.0052235,0.015721,0.012605,0.014587,0.0065553,0.0052629,0.0093837,0.0089204,0.011044,0.013241,0.0056905,0.0060103,0.016605,0.0071226,0.0077353,0.0079248,0.0047808,0.0028495,0.012912,0.0053136,0.018929,0.004811,0.010205,0.00727,0.0040619,0.0090689,0.0035118,0.0069366,0.014085,0.012994,0.0089876,0.0084916,0.013898,0.014709,0.0045482,0.010742,0.014331,0.011015,0.013161,0.013736,0.010619,0.014135,0.0066488,0.0049845,0.011349,0.012614,0.011307,0.0081408,0.015204,0.017892,0.015844,0.011844,0.016709,0.010711,0.010405,0.015936,0.011342,0.0073629,0.0041913,0.012062,0.012774,0.0047165,0.013192
0.01178,0.020015,0.014568,0.0108,0.012048,0.0094907,0.0094247,0.014742,0.0079308,0.011058,0.011918,0.012313,0.0097422,0.0089997,0.015172,0.014341,0.0084774,0.0083781,0.013485,0.009013,0.013164,0.0072689,0.014458,0.0065851,0.0088725,0.016096,0.018695,0.009507,0.0063414,0.0064143,0.0056182,0.012224,0.0090817,0.01162,0.0094725,0.0081653,0.013971,0.0051939,0.014992,0.0085436,0.012999,0.0066561,0.0072529,0.015906,0.016738,0.0048596,0.0084438,0.0059703,0.0079321,0.0088621,0.0059934,0.0080034,0.019501,0.0057381,0.0083873,0.0045153,0.0077378,0.014592,0.010115,0.0055908,0.010776,0.002675,0.018657,0.014919,0.014159,0.0072401,0.0030292,0.0042725,0.0056285,0.010904,0.013345,0.016556,0.0050283,0.0096573,0.0089023,0.0069335,0.0078349,0.012307,0.01327,0.010266,0.0065574,0.0065994,0.010107,0.0050416,0.011005,0.011567,0.014578,0.010275,0.0063848,0.0052047,0.017475,0.0040297,0.015314,0.0041031,0.012769,0.0092054,0.0075686,0.007585,0.010085,0.0024109
0.014276,0.0025622,0.008913,0.015219,0.017961,0.0077283,0.008179,0.011503,0.01243,0.012576,0.0072727,0.012645,0.0041179,0.013197,0.0073563,0.010107,0.013923,0.014953,0.013481,0.005845,0.0086901,0.0079558,0.011223,0.01234,0.0095749,0.0093168,0.010679,0.0070996,0.0098474,0.0015975,0.015984,0.010825,0.010037,0.011271,0.0019528,0.013971,0.0088336,0.010199,0.0081906,0.0057179,0.015577,0.01697,0.0088163,0.0026071,0.011808,0.0074618,0.017323,0.01199,0.0087124,0.0097057,0.01148,0.0064563,0.0069418,0.0029333,0.010024,0.012105,0.0050949,0.011783,0.014784,0.007838,0.0085195,0.0083575,0.012487,0.0086296,0.0081328,0.0078049,0.013775,0.011665,0.0030714,0.0056292,0.0060598,0.002059,0.01538,0.007823,0.013038,0.016766,0.0076531,0.00791,0.017966,0.011005,0.014037,0.016302,0.008912,0.012286,0.0069186,0.0052084,0.010346,0.012858,0.011637,0.012149,0.012642,0.014615,0.012344,0.0027146,0.0071803,0.010437,0.0055976,0.012007,0.0051415,0.012973
0.011317,0.0025958,0.0071523,0.0049337,0.0072771,0.0080424,0.0057926,0.013791,0.013051,0.0032723,0.0076336,0.014995,0.011272,0.01447,0.010917,0.0095629,0.0089554,0.013817,0.012991,0.0098641,0.0036796,0.01582,0.0069134,0.0074518,0.0033153,0.0075681,0.014023,0.010483,0.016516,0.0071432,0.010223,0.011587,0.010291,0.0073322,0.0052235,0.0051939,0.010199,0.0062978,0.0082147,0.0024745,0.014167,0.0077191,0.0095264,0.011638,0.015986,0.017364,0.0082302,0.012395,0.013312,0.0035047,0.017288,0.01388,0.0060462,0.012368,0.010631,0.0052983,0.010876,0.010286,0.005632,0.011559,0.012307,0.019603,0.0095816,0.016231,0.011484,0.0042769,0.0095684,0.002671,0.0147,0.013848,0.013272,0.0090136,0.018631,0.0094406,0.017104,0.0096348,0.0070398,0.010911,0.015025,0.0083277,0.01156,0.012074,0.0078272,0.0068565,0.011211,0.010805,0.0056777,0.013971,0.0078876,0.015171,0.0044799,0.011071,0.0066763,0.011951,0.013212,0.0024375,0.0074211,0.0085974,0.016216,0.0028643
0.011652,0.0085127,0.0076314,0.0076843,0.011243,0.012765,0.01087,0.0056072,0.01058,0.0092673,0.0063958,0.010991,0.010688,0.0012156,0.015106,0.014981,0.0071772,0.00857,0.0097559,0.0092174,0.0031783,0.0067838,0.0072876,0.011511,0.0098616,0.009799,0.011938,0.0063188,0.0096357,0.0015723,0.0098365,0.014162,0.0056783,0.017973,0.015721,0.014992,0.0081906,0.0082147,0.003534,0.010322,0.0099918,0.011082,0.0171,0.0089805,0.013604,0.0084869,0.017781,0.01092,0.011324,0.013577,0.010684,0.013623,0.0088603,0.009846,0.011336,0.0094635,0.014112,0.0065312,0.0078969,0.0063269,0.011595,0.0133,0.003183,0.017768,0.009611,0.0068749,0.0062277,0.011376,0.0042234,0.010056,0.0099489,0.0073438,0.0082916,0.010075,0.0061428,0.010207,0.0072617,0.0083635,0.010031,0.0051529,0.009871,0.0077916,0.015144,0.013498,0.012423,0.0098001,0.01652,0.0095441,0.014434,0.0049209,0.0093068,0.0070628,0.014644,0.011695,0.010328,0.014147,0.010999,0.0088576,0.011683,0.012349
0.012402,0.012498,0.0031829,0.0042463,0.00196,0.011323,0.0067812,0.0058728,0.015314,0.011106,0.0093881,0.0060222,0.012343,0.006309,0.0028517,0.010763,0.014572,0.008412,0.014356,0.0084697,0.015762,0.012592,0.0068544,0.0099464,0.007522,0.014261,0.010178,0.012779,0.0089944,0.013773,0.0054986,0.015174,0.011178,0.0051297,0.012605,0.0085436,0.0057179,0.0024745,0.010322,0.0049338,0.013842,0.0085176,0.012092,0.012016,0.0093997,0.0070637,0.015649,0.014216,0.012624,0.0061242,0.011435,0.011387,0.013439,0.0048364,0.0078073,0.014175,0.012246,0.0067412,0.0053136,0.016044,0.015362,0.012905,0.0018874,0.013271,0.0093246,0.0079974,0.010208,0.0031761,0.0078195,0.014477,0.010544,0.013965,0.0014203,0.011568,0.015185,0.017204,0.0091073,0.0088224,0.0098778,0.010755,0.0078993,0.01018,0.015889,0.0057111,0.0055432,0.016281,0.013656,0.013863,0.01625,0.0086535,0.016616,0.0067805,0.0033527,0.012763,0.004485,0.01234,0.011773,0.0056624,0.008943,0.011099
0.0068024,0.005538,0.005327,0.0072905,0.0061795,0.010501,0.0061465,0.0092875,0.004139,0.0064014,0.017199,0.014976,0.011768,0.01263,0.0099546,0.013874,0.014284,0.0087335,0.016561,0.016751,0.0088316,0.016469,0.011864,0.012626,0.017534,0.017097,0.011633,0.0040318,0.013375,0.012725,0.0093977,0.0053322,0.0063252,0.012355,0.014587,0.012999,0.015577,0.014167,0.0099918,0.013842,0.004473,0.0079878,0.0070943,0.013216,0.014154,0.012293,0.013793,0.0098074,0.009181,0.011976,0.0097247,0.010966,0.0096409,0.012498,0.010204,0.013354,0.014229,0.0043277,0.010026,0.0085612,0.0069933,0.0072519,0.0080232,0.011516,0.016615,0.014664,0.010144,0.0050738,0.010263,0.012023,0.0041013,0.012322,0.0023551,0.0097086,0.00091347,0.0034101,0.012479,0.0089497,0.0014355,0.0025345,0.0097556,0.001422,0.017943,0.0034178,0.0097543,0.012929,0.010674,0.0093418,0.0099125,0.0086111,0.0064769,0.016111,0.0079649,0.015225,0.0050625,0.007551,0.010249,0.0084362,0.011651,0.0041227
0.012528,0.011213,0.0014753,0.0085248,0.018867,0.012382,0.0080146,0.017623,0.0065063,0.004137,0.012867,0.0045494,0.009489,0.0076953,0.0076448,0.011627,0.016602,0.010922,0.0043504,0.0088354,0.010666,0.012623,0.0088658,0.016709,0.017014,0.0083053,0.00026144,0.010719,0.0085917,0.012201,0.011168,0.014142,0.008638,0.01614,0.0065553,0.0066561,0.01697,0.0077191,0.011082,0.0085176,0.0079878,0.0033061,0.010849,0.011095,0.0026808,0.011013,0.0063653,0.014243,0.010472,0.0070696,0.0013066,0.0053207,0.015199,0.010859,0.0072319,0.0019423,0.01372,0.0060468,0.012567,0.010635,0.014627,0.016321,0.014257,0.015605,0.0079059,0.010673,0.0055176,0.010805,0.0076963,0.011379,0.0093741,0.016766,0.014561,0.012241,0.01516,0.0064878,0.0017896,0.0083927,0.012155,0.013253,0.015395,0.0048529,0.0048675,0.0033997,0.014709,0.0058888,0.0063856,0.012024,0.012361,0.0084302,0.016931,0.010592,0.0088231,0.011405,0.0046002,0.010556,0.011866,0.0095945,0.009032,0.014009
